% dict_dummy: Says it all ...

:- module(dict_dummy).

w(0).
w(0, 0).
w(0, 0, 0).
w(0, 0, 0, 0).
w(0, 0, 0, 0, 0).
w(0, 0, 0, 0, 0, 0).
w(0, 0, 0, 0, 0, 0, 0).
w(0, 0, 0, 0, 0, 0, 0, 0).
w(0, 0, 0, 0, 0, 0, 0, 0, 0).
w(0, 0, 0, 0, 0, 0, 0, 0, 0, 0).
w(0, 0, 0, 0, 0, 0, 0, 0, 0, 0, 0).
w(0, 0, 0, 0, 0, 0, 0, 0, 0, 0, 0, 0).
w(0, 0, 0, 0, 0, 0, 0, 0, 0, 0, 0, 0, 0).
w(0, 0, 0, 0, 0, 0, 0, 0, 0, 0, 0, 0, 0, 0).
w(0, 0, 0, 0, 0, 0, 0, 0, 0, 0, 0, 0, 0, 0, 0).
w(0, 0, 0, 0, 0, 0, 0, 0, 0, 0, 0, 0, 0, 0, 0, 0).
w(0, 0, 0, 0, 0, 0, 0, 0, 0, 0, 0, 0, 0, 0, 0, 0, 0).
w(0, 0, 0, 0, 0, 0, 0, 0, 0, 0, 0, 0, 0, 0, 0, 0, 0, 0).
w(0, 0, 0, 0, 0, 0, 0, 0, 0, 0, 0, 0, 0, 0, 0, 0, 0, 0, 0).
w(0, 0, 0, 0, 0, 0, 0, 0, 0, 0, 0, 0, 0, 0, 0, 0, 0, 0, 0, 0).
w(0, 0, 0, 0, 0, 0, 0, 0, 0, 0, 0, 0, 0, 0, 0, 0, 0, 0, 0, 0, 0).
w(0, 0, 0, 0, 0, 0, 0, 0, 0, 0, 0, 0, 0, 0, 0, 0, 0, 0, 0, 0, 0, 0).
w(0, 0, 0, 0, 0, 0, 0, 0, 0, 0, 0, 0, 0, 0, 0, 0, 0, 0, 0, 0, 0, 0, 0).
w(0, 0, 0, 0, 0, 0, 0, 0, 0, 0, 0, 0, 0, 0, 0, 0, 0, 0, 0, 0, 0, 0, 0, 0).	% 24 letters

:- [export_all].
